0	1
0	2
0	3
0	4
0	5
0	6
0	7
0	8
0	9
0	10
0	12
0	14
0	16
0	17
0	18
0	19
0	20
0	21
0	22
0	23
0	24
0	25
0	26
0	28
0	30
0	31
0	32
0	33
0	34
0	35
0	36
0	39
0	41
0	44
0	45
0	46
0	47
0	48
0	49
0	51
0	55
0	56
0	57
0	63
0	64
0	65
0	66
0	67
0	71
0	74
0	76
0	77
0	78
0	79
0	80
0	82
0	86
0	87
0	88
0	94
0	95
0	98
0	99
0	102
0	103
0	105
0	113
0	117
0	126
0	127
0	128
0	129
0	131
0	132
0	133
0	137
0	140
0	141
0	142
0	144
0	145
0	151
0	152
0	156
0	161
0	162
0	163
0	164
0	166
0	172
0	174
0	175
0	177
0	180
0	187
0	188
0	190
0	191
0	194
0	195
0	203
0	207
0	226
0	228
0	229
0	230
0	234
0	249
0	249
0	250
0	251
0	252
0	258
0	260
0	261
0	265
0	266
0	267
0	269
0	275
0	283
0	285
0	290
0	291
0	292
0	296
0	301
0	304
0	307
0	308
0	312
0	316
0	321
0	323
0	326
0	328
0	332
0	333
0	343
0	347
0	349
0	351
0	352
0	355
0	359
0	376
0	377
0	378
0	379
0	382
0	386
0	387
0	390
0	391
0	393
0	394
0	396
0	398
0	399
0	402
0	407
0	410
0	414
0	416
0	425
0	437
0	444
0	454
0	469
0	470
0	476
0	478
0	499
0	500
0	501
0	502
0	503
0	504
0	506
0	507
0	508
0	509
0	510
0	512
0	513
0	515
0	520
0	523
0	524
0	527
0	529
0	531
0	533
0	541
0	542
0	546
0	547
0	549
0	550
0	554
0	555
0	560
0	562
0	563
0	567
0	568
0	570
0	571
0	575
0	578
0	582
0	583
0	585
0	593
0	594
0	597
0	609
0	615
0	619
0	624
0	631
0	632
0	633
0	634
0	646
0	658
0	660
0	666
0	667
0	672
0	677
0	689
0	691
0	720
0	724
0	727
0	748
0	749
0	751
0	753
0	755
0	757
0	758
0	760
0	762
0	765
0	768
0	770
0	771
0	781
0	784
0	789
0	792
0	805
0	812
0	813
0	822
0	830
0	834
0	843
0	861
0	874
0	880
0	881
0	882
0	887
0	888
0	919
0	937
0	945
0	969
0	994
1	2
1	3
1	4
1	5
1	6
1	8
1	9
1	11
1	13
1	16
1	17
1	18
1	19
1	20
1	21
1	22
1	24
1	25
1	26
1	32
1	33
1	34
1	36
1	38
1	39
1	44
1	47
1	49
1	55
1	57
1	59
1	63
1	64
1	65
1	67
1	69
1	70
1	71
1	90
1	94
1	98
1	99
1	104
1	109
1	111
1	121
1	125
1	129
1	133
1	141
1	142
1	144
1	147
1	148
1	149
1	156
1	158
1	161
1	163
1	164
1	172
1	179
1	187
1	189
1	191
1	192
1	199
1	208
1	218
1	230
1	249
1	249
1	253
1	255
1	256
1	266
1	273
1	275
1	278
1	281
1	282
1	286
1	301
1	312
1	313
1	319
1	328
1	334
1	343
1	363
1	374
1	376
1	378
1	383
1	389
1	390
1	400
1	406
1	414
1	425
1	427
1	435
1	440
1	441
1	455
1	468
1	499
1	500
1	501
1	503
1	507
1	516
1	519
1	522
1	526
1	528
1	530
1	531
1	532
1	533
1	540
1	544
1	547
1	563
1	566
1	570
1	574
1	585
1	593
1	595
1	613
1	624
1	629
1	634
1	643
1	648
1	657
1	658
1	675
1	687
1	688
1	691
1	702
1	710
1	734
1	753
1	757
1	759
1	760
1	781
1	783
1	786
1	789
1	791
1	828
1	844
1	847
1	874
1	885
1	908
1	927
1	929
1	986
2	3
2	4
2	7
2	8
2	9
2	14
2	16
2	18
2	19
2	20
2	24
2	27
2	29
2	32
2	33
2	34
2	36
2	37
2	39
2	40
2	41
2	47
2	59
2	63
2	64
2	65
2	68
2	69
2	78
2	86
2	96
2	109
2	125
2	128
2	130
2	132
2	133
2	137
2	141
2	142
2	150
2	156
2	157
2	159
2	161
2	166
2	174
2	176
2	179
2	187
2	191
2	192
2	193
2	194
2	196
2	203
2	208
2	223
2	249
2	250
2	251
2	252
2	253
2	255
2	258
2	259
2	263
2	266
2	269
2	274
2	276
2	280
2	281
2	287
2	296
2	297
2	312
2	318
2	320
2	321
2	332
2	345
2	349
2	364
2	374
2	376
2	377
2	378
2	382
2	384
2	394
2	404
2	407
2	408
2	414
2	433
2	451
2	461
2	478
2	499
2	501
2	503
2	507
2	509
2	510
2	512
2	513
2	515
2	517
2	519
2	523
2	528
2	531
2	535
2	537
2	543
2	559
2	562
2	581
2	582
2	595
2	619
2	624
2	640
2	650
2	656
2	666
2	671
2	674
2	689
2	696
2	721
2	732
2	749
2	750
2	753
2	754
2	755
2	769
2	770
2	788
2	812
2	828
2	830
2	843
2	909
2	921
2	923
2	940
2	949
3	4
3	8
3	10
3	12
3	16
3	23
3	24
3	28
3	33
3	36
3	49
3	63
3	71
3	82
3	84
3	87
3	99
3	102
3	109
3	127
3	130
3	133
3	142
3	148
3	152
3	168
3	169
3	174
3	179
3	180
3	187
3	208
3	221
3	238
3	254
3	257
3	258
3	261
3	266
3	267
3	281
3	291
3	296
3	298
3	299
3	308
3	318
3	320
3	344
3	362
3	366
3	382
3	392
3	406
3	415
3	440
3	449
3	457
3	472
3	500
3	501
3	502
3	504
3	508
3	515
3	516
3	542
3	546
3	558
3	562
3	624
3	629
3	651
3	656
3	662
3	693
3	695
3	707
3	718
3	721
3	749
3	753
3	761
3	807
3	835
3	843
3	844
3	867
3	874
3	890
3	894
3	898
3	945
4	5
4	7
4	8
4	9
4	10
4	12
4	16
4	17
4	27
4	31
4	32
4	33
4	35
4	36
4	37
4	39
4	42
4	44
4	45
4	48
4	52
4	55
4	60
4	63
4	65
4	66
4	67
4	71
4	76
4	77
4	79
4	81
4	83
4	85
4	87
4	90
4	94
4	95
4	102
4	104
4	105
4	110
4	111
4	119
4	125
4	126
4	127
4	131
4	134
4	135
4	137
4	144
4	160
4	173
4	194
4	197
4	199
4	211
4	218
4	222
4	226
4	230
4	238
4	242
4	249
4	250
4	253
4	257
4	259
4	261
4	266
4	269
4	291
4	292
4	298
4	299
4	300
4	302
4	308
4	312
4	313
4	315
4	322
4	332
4	352
4	364
4	381
4	382
4	393
4	425
4	437
4	446
4	447
4	456
4	459
4	499
4	500
4	501
4	503
4	504
4	505
4	508
4	515
4	517
4	518
4	519
4	522
4	527
4	530
4	531
4	535
4	536
4	538
4	549
4	562
4	570
4	578
4	601
4	626
4	627
4	639
4	640
4	641
4	658
4	668
4	669
4	672
4	673
4	679
4	687
4	688
4	689
4	695
4	698
4	726
4	751
4	752
4	757
4	765
4	768
4	781
4	783
4	793
4	816
4	829
4	837
4	849
4	864
4	881
4	902
4	952
5	8
5	9
5	16
5	20
5	25
5	32
5	36
5	39
5	41
5	42
5	43
5	45
5	47
5	55
5	63
5	68
5	71
5	78
5	81
5	95
5	98
5	104
5	105
5	113
5	125
5	132
5	133
5	136
5	137
5	142
5	144
5	148
5	152
5	160
5	166
5	178
5	179
5	182
5	222
5	250
5	254
5	267
5	285
5	291
5	312
5	320
5	345
5	351
5	368
5	374
5	375
5	392
5	402
5	410
5	418
5	500
5	501
5	502
5	503
5	513
5	519
5	531
5	532
5	535
5	539
5	562
5	566
5	568
5	572
5	575
5	580
5	617
5	622
5	632
5	659
5	662
5	669
5	751
5	769
5	786
5	791
5	845
5	890
6	8
6	16
6	17
6	20
6	28
6	30
6	32
6	33
6	34
6	36
6	39
6	52
6	63
6	64
6	65
6	67
6	69
6	72
6	75
6	82
6	90
6	96
6	102
6	104
6	114
6	126
6	127
6	128
6	134
6	137
6	139
6	141
6	142
6	149
6	160
6	170
6	174
6	182
6	186
6	188
6	195
6	203
6	204
6	218
6	226
6	243
6	250
6	252
6	268
6	272
6	282
6	289
6	291
6	296
6	312
6	317
6	318
6	343
6	368
6	375
6	376
6	378
6	380
6	391
6	392
6	403
6	426
6	429
6	499
6	509
6	520
6	528
6	531
6	555
6	563
6	564
6	570
6	582
6	611
6	625
6	628
6	630
6	632
6	640
6	687
6	739
6	751
6	804
6	887
6	893
6	927
7	11
7	12
7	20
7	34
7	35
7	36
7	81
7	91
7	96
7	125
7	127
7	130
7	142
7	144
7	158
7	174
7	179
7	188
7	250
7	253
7	262
7	265
7	267
7	325
7	453
7	468
7	499
7	500
7	501
7	516
7	531
7	552
7	571
7	587
7	599
7	600
7	624
7	640
7	709
7	753
7	757
7	859
7	876
8	9
8	10
8	11
8	12
8	16
8	17
8	20
8	22
8	26
8	32
8	33
8	34
8	36
8	37
8	39
8	41
8	42
8	47
8	49
8	51
8	52
8	57
8	59
8	63
8	70
8	76
8	82
8	83
8	87
8	92
8	95
8	102
8	115
8	125
8	126
8	127
8	129
8	130
8	132
8	135
8	136
8	138
8	141
8	142
8	147
8	156
8	164
8	173
8	181
8	189
8	191
8	192
8	195
8	204
8	213
8	218
8	222
8	236
8	244
8	249
8	250
8	253
8	255
8	257
8	259
8	269
8	273
8	274
8	282
8	284
8	294
8	297
8	305
8	312
8	314
8	328
8	330
8	331
8	333
8	352
8	359
8	372
8	374
8	378
8	382
8	388
8	396
8	397
8	409
8	410
8	411
8	416
8	418
8	421
8	425
8	437
8	453
8	455
8	499
8	500
8	503
8	507
8	508
8	510
8	511
8	515
8	517
8	521
8	531
8	533
8	547
8	562
8	564
8	570
8	574
8	575
8	582
8	590
8	596
8	601
8	611
8	624
8	625
8	627
8	628
8	629
8	638
8	640
8	656
8	660
8	666
8	673
8	688
8	689
8	690
8	697
8	701
8	703
8	705
8	719
8	723
8	735
8	749
8	756
8	757
8	785
8	789
8	796
8	813
8	824
8	829
8	832
8	880
8	881
8	888
8	929
8	931
8	934
8	937
9	12
9	18
9	20
9	27
9	32
9	36
9	42
9	50
9	64
9	65
9	66
9	69
9	71
9	74
9	76
9	78
9	79
9	88
9	94
9	98
9	107
9	125
9	126
9	127
9	128
9	129
9	130
9	132
9	156
9	160
9	166
9	214
9	222
9	223
9	243
9	249
9	253
9	258
9	265
9	266
9	281
9	282
9	285
9	289
9	291
9	296
9	297
9	314
9	374
9	386
9	392
9	441
9	442
9	445
9	456
9	473
9	477
9	499
9	502
9	507
9	511
9	517
9	533
9	546
9	549
9	557
9	562
9	579
9	609
9	625
9	627
9	628
9	662
9	668
9	700
9	707
9	749
9	750
9	753
9	758
9	776
9	782
9	783
9	820
9	876
9	945
10	11
10	17
10	20
10	21
10	25
10	32
10	37
10	40
10	47
10	49
10	64
10	66
10	68
10	71
10	78
10	80
10	95
10	106
10	113
10	114
10	125
10	133
10	137
10	138
10	142
10	148
10	154
10	193
10	201
10	205
10	207
10	208
10	218
10	219
10	249
10	250
10	251
10	258
10	259
10	263
10	264
10	313
10	314
10	315
10	323
10	329
10	334
10	382
10	398
10	415
10	425
10	445
10	457
10	460
10	472
10	499
10	502
10	503
10	505
10	511
10	515
10	517
10	518
10	519
10	539
10	563
10	564
10	574
10	578
10	602
10	630
10	634
10	641
10	735
10	759
10	760
10	763
10	774
10	789
10	796
10	816
10	820
10	828
10	875
10	887
10	889
10	894
10	943
11	24
11	25
11	59
11	67
11	81
11	94
11	121
11	125
11	126
11	141
11	144
11	156
11	157
11	178
11	180
11	187
11	197
11	249
11	290
11	376
11	515
11	659
11	705
11	751
11	752
11	759
11	800
11	861
11	941
11	968
12	22
12	26
12	32
12	35
12	36
12	41
12	43
12	51
12	53
12	63
12	69
12	71
12	80
12	88
12	109
12	119
12	125
12	133
12	147
12	151
12	153
12	158
12	159
12	171
12	183
12	200
12	205
12	209
12	249
12	250
12	251
12	269
12	297
12	332
12	359
12	370
12	377
12	379
12	384
12	398
12	406
12	407
12	417
12	484
12	486
12	499
12	500
12	505
12	511
12	515
12	528
12	532
12	554
12	564
12	572
12	574
12	575
12	580
12	624
12	625
12	687
12	734
12	761
12	763
12	771
12	812
12	887
12	921
13	16
13	21
13	22
13	47
13	49
13	59
13	64
13	69
13	79
13	80
13	95
13	98
13	125
13	162
13	170
13	197
13	199
13	249
13	250
13	251
13	263
13	282
13	294
13	312
13	314
13	317
13	339
13	376
13	380
13	390
13	395
13	398
13	505
13	515
13	516
13	518
13	520
13	531
13	537
13	567
13	590
13	626
13	642
13	701
13	843
13	880
13	890
13	943
13	976
14	19
14	34
14	47
14	57
14	63
14	66
14	69
14	71
14	72
14	78
14	94
14	96
14	109
14	112
14	115
14	125
14	129
14	135
14	143
14	148
14	205
14	209
14	256
14	269
14	278
14	288
14	289
14	321
14	356
14	360
14	378
14	381
14	437
14	488
14	499
14	505
14	525
14	549
14	552
14	569
14	570
14	578
14	585
14	624
14	633
14	693
14	768
14	797
14	829
14	930
15	16
15	38
15	101
15	127
15	181
15	191
15	203
15	237
15	243
15	250
15	337
15	352
15	375
15	382
15	445
15	489
15	499
15	500
15	527
15	578
15	686
15	818
15	824
15	840
16	17
16	20
16	23
16	25
16	32
16	34
16	35
16	36
16	39
16	44
16	46
16	47
16	48
16	51
16	53
16	57
16	59
16	64
16	65
16	67
16	69
16	71
16	74
16	75
16	87
16	98
16	100
16	102
16	103
16	105
16	119
16	125
16	126
16	129
16	132
16	134
16	141
16	142
16	144
16	156
16	159
16	160
16	164
16	172
16	173
16	177
16	179
16	182
16	187
16	200
16	203
16	204
16	208
16	234
16	249
16	250
16	251
16	252
16	253
16	255
16	260
16	265
16	266
16	269
16	271
16	275
16	282
16	286
16	287
16	289
16	290
16	293
16	294
16	301
16	305
16	313
16	323
16	359
16	363
16	380
16	382
16	383
16	391
16	416
16	417
16	425
16	437
16	445
16	457
16	472
16	473
16	499
16	501
16	507
16	508
16	509
16	516
16	527
16	531
16	546
16	548
16	571
16	579
16	588
16	604
16	627
16	632
16	634
16	642
16	658
16	660
16	662
16	674
16	679
16	688
16	689
16	709
16	749
16	750
16	755
16	759
16	762
16	765
16	775
16	786
16	821
16	829
16	868
16	876
16	921
16	937
16	953
16	960
16	969
16	973
17	20
17	21
17	24
17	31
17	32
17	33
17	36
17	39
17	41
17	47
17	49
17	59
17	78
17	80
17	94
17	98
17	101
17	125
17	126
17	130
17	142
17	148
17	153
17	156
17	163
17	166
17	168
17	200
17	212
17	219
17	228
17	238
17	261
17	262
17	264
17	269
17	271
17	275
17	283
17	294
17	308
17	315
17	324
17	332
17	340
17	381
17	394
17	414
17	421
17	440
17	455
17	484
17	499
17	500
17	502
17	503
17	511
17	531
17	534
17	541
17	564
17	566
17	585
17	624
17	650
17	660
17	694
17	727
17	737
17	813
17	824
17	857
17	877
17	884
17	898
17	912
17	929
17	937
17	972
18	23
18	25
18	35
18	36
18	47
18	49
18	51
18	72
18	75
18	76
18	78
18	79
18	82
18	83
18	94
18	102
18	109
18	111
18	125
18	126
18	127
18	133
18	138
18	144
18	148
18	150
18	156
18	158
18	206
18	213
18	222
18	226
18	234
18	236
18	239
18	251
18	252
18	255
18	265
18	266
18	285
18	291
18	292
18	294
18	296
18	310
18	314
18	315
18	320
18	329
18	332
18	378
18	388
18	393
18	394
18	437
18	441
18	443
18	494
18	499
18	514
18	532
18	533
18	537
18	539
18	548
18	571
18	582
18	585
18	601
18	637
18	640
18	660
18	672
18	751
18	776
18	782
18	804
18	874
18	883
18	886
19	27
19	34
19	40
19	49
19	50
19	62
19	63
19	65
19	75
19	78
19	80
19	98
19	109
19	125
19	126
19	127
19	134
19	144
19	156
19	176
19	195
19	203
19	205
19	219
19	222
19	249
19	252
19	254
19	265
19	320
19	322
19	343
19	347
19	353
19	369
19	408
19	477
19	506
19	516
19	537
19	601
19	624
19	642
19	720
19	750
20	21
20	33
20	34
20	35
20	40
20	41
20	43
20	45
20	47
20	48
20	63
20	94
20	113
20	127
20	133
20	148
20	156
20	160
20	165
20	167
20	195
20	196
20	198
20	200
20	203
20	218
20	227
20	259
20	266
20	269
20	275
20	276
20	277
20	282
20	292
20	300
20	312
20	328
20	331
20	343
20	361
20	378
20	386
20	397
20	398
20	407
20	408
20	413
20	416
20	428
20	437
20	499
20	503
20	531
20	532
20	535
20	546
20	548
20	556
20	571
20	579
20	607
20	624
20	633
20	652
20	675
20	684
20	691
20	696
20	706
20	750
20	757
20	769
20	782
20	820
20	875
20	897
20	908
20	914
21	32
21	35
21	36
21	39
21	43
21	44
21	47
21	58
21	80
21	93
21	94
21	107
21	125
21	144
21	148
21	203
21	218
21	259
21	266
21	290
21	316
21	324
21	349
21	351
21	421
21	472
21	535
21	546
21	555
21	580
21	631
21	632
21	752
21	757
21	768
21	772
21	791
21	792
21	798
21	830
22	26
22	35
22	36
22	49
22	55
22	59
22	68
22	77
22	98
22	125
22	157
22	178
22	187
22	207
22	257
22	284
22	291
22	314
22	316
22	379
22	381
22	389
22	392
22	404
22	459
22	499
22	507
22	524
22	530
22	531
22	546
22	563
22	566
22	593
22	628
22	634
22	690
22	737
22	757
22	833
22	923
22	973
23	32
23	35
23	43
23	64
23	71
23	78
23	96
23	125
23	133
23	142
23	143
23	156
23	164
23	346
23	347
23	368
23	484
23	494
23	514
23	515
23	525
23	534
23	626
23	641
23	668
23	726
23	819
23	976
24	26
24	32
24	33
24	36
24	42
24	48
24	50
24	52
24	63
24	71
24	76
24	78
24	80
24	92
24	102
24	130
24	131
24	136
24	138
24	141
24	142
24	148
24	150
24	164
24	166
24	173
24	174
24	179
24	192
24	194
24	211
24	218
24	249
24	250
24	253
24	255
24	259
24	267
24	281
24	296
24	300
24	321
24	324
24	347
24	374
24	382
24	383
24	385
24	406
24	469
24	501
24	506
24	509
24	511
24	519
24	520
24	531
24	539
24	543
24	551
24	554
24	555
24	563
24	564
24	565
24	582
24	609
24	610
24	612
24	624
24	630
24	632
24	635
24	642
24	657
24	734
24	742
24	754
24	765
24	788
24	793
24	798
24	812
24	817
24	821
24	849
24	875
24	938
24	976
25	36
25	40
25	47
25	49
25	55
25	63
25	64
25	68
25	72
25	78
25	79
25	92
25	94
25	119
25	130
25	133
25	137
25	145
25	156
25	166
25	179
25	213
25	251
25	252
25	275
25	320
25	328
25	338
25	407
25	408
25	439
25	450
25	453
25	471
25	479
25	500
25	504
25	507
25	511
25	531
25	572
25	586
25	624
25	736
25	774
26	32
26	33
26	48
26	55
26	74
26	84
26	94
26	102
26	105
26	125
26	187
26	226
26	251
26	267
26	269
26	344
26	363
26	368
26	375
26	378
26	501
26	536
26	574
26	586
26	601
26	624
26	632
26	671
26	742
26	750
26	773
26	774
26	787
26	814
26	818
26	830
26	985
27	36
27	39
27	43
27	76
27	79
27	102
27	128
27	140
27	156
27	157
27	218
27	249
27	363
27	406
27	446
27	451
27	671
27	749
27	783
28	31
28	32
28	38
28	57
28	65
28	95
28	106
28	126
28	133
28	135
28	141
28	160
28	164
28	168
28	193
28	223
28	249
28	253
28	265
28	273
28	289
28	328
28	343
28	374
28	393
28	451
28	499
28	505
28	516
28	517
28	563
28	570
28	590
28	632
28	687
28	691
28	699
28	738
28	754
28	796
28	955
29	34
29	98
29	127
29	133
29	220
29	257
29	312
29	330
29	468
29	474
29	509
29	555
29	566
29	617
29	658
29	675
29	818
30	32
30	43
30	76
30	78
30	87
30	98
30	125
30	134
30	157
30	249
30	257
30	312
30	328
30	390
30	474
30	503
30	519
30	532
30	752
30	892
30	941
30	979
31	32
31	50
31	63
31	72
31	148
31	197
31	250
31	251
31	499
31	753
32	33
32	35
32	36
32	38
32	43
32	47
32	49
32	56
32	59
32	63
32	64
32	67
32	70
32	71
32	78
32	79
32	85
32	86
32	94
32	95
32	97
32	106
32	126
32	127
32	128
32	129
32	130
32	133
32	135
32	141
32	148
32	156
32	159
32	160
32	161
32	162
32	165
32	169
32	174
32	178
32	189
32	191
32	192
32	196
32	198
32	211
32	219
32	222
32	236
32	242
32	254
32	255
32	257
32	260
32	261
32	266
32	267
32	269
32	278
32	283
32	287
32	297
32	298
32	323
32	326
32	333
32	337
32	346
32	353
32	359
32	361
32	385
32	386
32	403
32	407
32	408
32	438
32	447
32	457
32	499
32	500
32	501
32	502
32	504
32	507
32	508
32	513
32	516
32	523
32	530
32	531
32	533
32	537
32	539
32	542
32	548
32	558
32	562
32	564
32	569
32	570
32	572
32	581
32	594
32	595
32	601
32	603
32	613
32	614
32	624
32	628
32	631
32	633
32	634
32	637
32	641
32	657
32	658
32	663
32	681
32	692
32	696
32	703
32	716
32	729
32	749
32	769
32	779
32	782
32	785
32	803
32	813
32	816
32	821
32	876
32	877
32	879
32	880
32	883
32	891
32	906
32	917
32	938
32	945
32	948
32	960
32	964
33	35
33	37
33	39
33	40
33	47
33	69
33	71
33	75
33	79
33	95
33	102
33	127
33	128
33	130
33	137
33	142
33	146
33	156
33	159
33	162
33	163
33	166
33	169
33	202
33	218
33	230
33	234
33	253
33	283
33	284
33	285
33	319
33	328
33	343
33	365
33	371
33	376
33	454
33	499
33	500
33	504
33	518
33	519
33	520
33	521
33	548
33	603
33	604
33	605
33	625
33	742
33	750
33	754
33	785
33	790
33	866
33	877
33	879
33	882
33	891
33	969
33	972
34	37
34	40
34	41
34	43
34	48
34	56
34	61
34	63
34	67
34	69
34	71
34	74
34	78
34	80
34	94
34	112
34	113
34	115
34	125
34	128
34	130
34	131
34	136
34	151
34	158
34	160
34	187
34	211
34	218
34	238
34	258
34	283
34	313
34	317
34	322
34	328
34	343
34	363
34	376
34	382
34	406
34	410
34	411
34	423
34	446
34	466
34	481
34	506
34	507
34	513
34	516
34	523
34	525
34	526
34	533
34	536
34	569
34	576
34	578
34	580
34	594
34	632
34	640
34	646
34	650
34	679
34	687
34	688
34	689
34	703
34	755
34	763
34	766
34	768
34	778
34	789
34	810
34	812
34	814
34	819
34	855
34	874
34	897
34	926
34	953
34	968
34	970
35	51
35	57
35	63
35	68
35	69
35	89
35	99
35	104
35	141
35	143
35	158
35	159
35	164
35	172
35	222
35	238
35	250
35	253
35	263
35	298
35	312
35	336
35	515
35	547
35	548
35	570
35	580
35	656
35	658
35	737
35	874
36	37
36	47
36	49
36	51
36	57
36	63
36	64
36	65
36	67
36	68
36	69
36	70
36	71
36	75
36	78
36	79
36	81
36	96
36	98
36	107
36	125
36	127
36	128
36	129
36	133
36	139
36	142
36	145
36	149
36	150
36	161
36	165
36	200
36	220
36	223
36	226
36	227
36	232
36	249
36	251
36	255
36	263
36	268
36	275
36	281
36	282
36	296
36	297
36	299
36	312
36	319
36	320
36	322
36	376
36	377
36	391
36	394
36	408
36	417
36	425
36	430
36	477
36	499
36	501
36	502
36	503
36	508
36	513
36	515
36	531
36	532
36	541
36	554
36	562
36	563
36	579
36	581
36	607
36	615
36	630
36	632
36	640
36	656
36	661
36	667
36	749
36	758
36	767
36	773
36	776
36	784
36	787
36	793
36	813
36	828
36	835
36	844
36	850
36	860
36	874
36	883
36	909
36	984
37	40
37	49
37	51
37	55
37	59
37	65
37	67
37	69
37	71
37	91
37	125
37	149
37	167
37	191
37	196
37	211
37	249
37	250
37	265
37	277
37	316
37	332
37	354
37	390
37	425
37	457
37	504
37	546
37	566
37	605
37	633
37	666
37	704
37	798
37	874
37	912
38	43
38	82
38	111
38	117
38	141
38	170
38	253
38	272
38	275
38	315
38	374
38	499
38	501
38	508
38	710
38	782
38	874
39	52
39	65
39	67
39	71
39	76
39	79
39	87
39	94
39	96
39	106
39	114
39	121
39	125
39	127
39	128
39	131
39	133
39	138
39	139
39	141
39	142
39	144
39	155
39	156
39	164
39	165
39	168
39	171
39	172
39	187
39	197
39	202
39	229
39	238
39	249
39	260
39	273
39	281
39	316
39	320
39	329
39	363
39	367
39	378
39	390
39	429
39	499
39	504
39	505
39	515
39	541
39	547
39	556
39	562
39	593
39	598
39	607
39	631
39	644
39	645
39	704
39	711
39	781
39	828
39	846
39	904
39	923
40	71
40	80
40	156
40	157
40	158
40	171
40	189
40	257
40	398
40	499
40	508
40	521
40	523
40	525
40	535
40	578
40	580
40	588
40	591
40	598
40	605
40	610
40	628
40	641
40	658
40	700
40	749
40	816
40	838
40	894
41	47
41	55
41	63
41	67
41	72
41	81
41	125
41	137
41	166
41	180
41	197
41	218
41	244
41	245
41	257
41	261
41	273
41	278
41	281
41	286
41	312
41	315
41	324
41	378
41	395
41	438
41	453
41	468
41	499
41	501
41	508
41	544
41	585
41	589
41	641
41	652
41	718
41	754
41	769
42	44
42	57
42	63
42	76
42	87
42	106
42	126
42	156
42	161
42	178
42	222
42	277
42	379
42	380
42	441
42	509
42	628
42	863
43	44
43	48
43	60
43	67
43	78
43	104
43	111
43	132
43	135
43	164
43	170
43	177
43	250
43	257
43	262
43	290
43	332
43	336
43	420
43	424
43	463
43	499
43	531
43	532
43	582
43	628
43	641
43	750
43	751
43	762
43	818
43	821
43	850
44	63
44	176
44	187
44	218
44	258
44	277
44	314
44	343
44	379
44	486
44	534
44	554
44	573
44	579
44	628
44	631
44	638
44	671
44	782
44	788
44	827
44	849
45	49
45	63
45	96
45	160
45	267
45	293
45	296
45	324
45	358
45	398
45	499
45	517
45	633
45	640
45	664
45	673
45	713
45	751
46	135
46	149
46	150
46	251
46	258
46	376
46	499
46	518
46	564
46	629
47	71
47	72
47	73
47	76
47	78
47	86
47	90
47	96
47	97
47	101
47	102
47	114
47	119
47	129
47	130
47	132
47	141
47	142
47	146
47	149
47	170
47	172
47	179
47	188
47	189
47	200
47	203
47	207
47	231
47	251
47	255
47	258
47	259
47	266
47	269
47	281
47	312
47	316
47	320
47	328
47	381
47	382
47	383
47	411
47	421
47	423
47	499
47	515
47	523
47	525
47	564
47	572
47	589
47	624
47	628
47	641
47	647
47	688
47	689
47	765
47	822
47	848
47	860
47	928
48	49
48	57
48	71
48	74
48	90
48	125
48	126
48	127
48	141
48	156
48	164
48	197
48	218
48	249
48	258
48	266
48	274
48	301
48	329
48	374
48	375
48	517
48	531
48	532
48	578
48	581
48	593
48	633
48	643
48	687
48	704
48	757
48	765
48	769
48	904
48	919
48	943
49	59
49	63
49	79
49	81
49	90
49	91
49	94
49	109
49	129
49	135
49	136
49	140
49	150
49	160
49	164
49	195
49	203
49	204
49	218
49	291
49	293
49	312
49	328
49	330
49	382
49	438
49	469
49	517
49	523
49	535
49	571
49	574
49	594
49	636
49	697
49	718
49	753
49	846
49	875
50	63
50	64
50	68
50	104
50	153
50	160
50	249
50	250
50	285
50	302
50	375
50	394
50	536
50	578
50	630
50	639
50	757
50	813
50	988
51	63
51	67
51	70
51	94
51	98
51	99
51	112
51	129
51	133
51	139
51	146
51	156
51	158
51	182
51	189
51	191
51	192
51	193
51	198
51	205
51	230
51	249
51	250
51	255
51	284
51	285
51	289
51	313
51	378
51	383
51	384
51	404
51	504
51	507
51	508
51	557
51	562
51	572
51	574
51	634
51	663
51	722
51	733
51	749
51	757
51	761
51	874
51	882
51	906
52	67
52	111
52	125
52	132
52	156
52	242
52	255
52	266
52	284
52	437
52	609
52	641
52	812
53	68
53	78
53	95
53	99
53	126
53	158
53	218
53	265
53	328
53	371
53	407
53	438
53	540
53	564
53	565
53	591
53	628
53	705
53	707
54	117
54	165
54	320
54	533
54	625
54	881
55	63
55	65
55	67
55	72
55	78
55	80
55	95
55	110
55	126
55	131
55	133
55	137
55	144
55	172
55	189
55	207
55	218
55	249
55	257
55	296
55	312
55	315
55	378
55	391
55	392
55	405
55	410
55	411
55	430
55	460
55	488
55	507
55	526
55	551
55	569
55	656
55	764
55	812
55	819
55	876
56	63
56	119
56	152
56	187
56	198
56	200
56	207
56	252
56	253
56	347
56	375
56	379
56	474
56	520
56	523
56	534
56	543
56	629
56	630
56	631
56	640
56	665
56	749
56	757
56	882
57	71
57	90
57	99
57	138
57	148
57	165
57	207
57	249
57	445
57	581
57	687
57	782
57	812
57	898
58	178
58	211
58	265
58	351
58	380
58	448
58	453
58	523
58	647
59	61
59	107
59	125
59	127
59	148
59	199
59	257
59	299
59	370
59	446
59	500
59	560
59	567
59	673
59	694
59	775
59	817
60	63
60	126
60	141
60	203
60	257
60	281
60	318
60	323
60	444
60	445
60	515
60	570
60	572
60	640
61	65
61	197
61	211
61	269
61	287
61	316
61	384
61	578
61	689
61	984
62	260
62	574
62	657
62	907
63	67
63	71
63	72
63	74
63	82
63	83
63	86
63	88
63	90
63	93
63	97
63	98
63	108
63	122
63	125
63	126
63	127
63	129
63	133
63	139
63	141
63	142
63	144
63	148
63	150
63	156
63	164
63	174
63	175
63	187
63	188
63	203
63	218
63	219
63	220
63	227
63	249
63	251
63	253
63	254
63	255
63	256
63	257
63	276
63	277
63	281
63	282
63	283
63	284
63	286
63	287
63	291
63	294
63	296
63	321
63	324
63	327
63	340
63	343
63	347
63	348
63	359
63	367
63	374
63	377
63	382
63	386
63	389
63	390
63	394
63	395
63	398
63	410
63	417
63	437
63	438
63	446
63	453
63	472
63	499
63	505
63	507
63	509
63	515
63	516
63	517
63	519
63	522
63	524
63	530
63	531
63	535
63	547
63	552
63	562
63	564
63	566
63	570
63	571
63	582
63	583
63	589
63	601
63	609
63	610
63	626
63	628
63	640
63	641
63	646
63	658
63	659
63	664
63	666
63	675
63	676
63	687
63	695
63	707
63	722
63	749
63	750
63	751
63	754
63	757
63	758
63	781
63	789
63	791
63	816
63	822
63	829
63	843
63	874
63	875
63	894
63	906
63	914
63	916
63	947
63	958
63	968
63	998
64	66
64	72
64	78
64	83
64	86
64	88
64	102
64	125
64	133
64	134
64	139
64	141
64	156
64	164
64	172
64	179
64	213
64	218
64	219
64	249
64	250
64	254
64	258
64	265
64	268
64	283
64	289
64	291
64	292
64	300
64	312
64	315
64	375
64	376
64	378
64	390
64	394
64	402
64	408
64	442
64	499
64	500
64	504
64	506
64	509
64	514
64	515
64	532
64	535
64	539
64	540
64	584
64	624
64	625
64	637
64	640
64	668
64	688
64	695
64	718
64	723
64	738
64	753
64	782
64	785
64	812
64	814
64	836
64	843
64	862
64	878
65	69
65	71
65	75
65	78
65	91
65	96
65	113
65	125
65	127
65	128
65	130
65	132
65	133
65	142
65	144
65	156
65	158
65	160
65	178
65	203
65	204
65	210
65	249
65	252
65	253
65	254
65	265
65	267
65	283
65	285
65	312
65	332
65	406
65	408
65	412
65	476
65	499
65	501
65	502
65	503
65	504
65	509
65	511
65	515
65	516
65	534
65	535
65	542
65	548
65	574
65	582
65	599
65	632
65	659
65	664
65	728
65	738
65	753
65	761
65	785
65	818
65	836
65	882
65	884
65	906
65	922
65	960
66	83
66	90
66	109
66	127
66	145
66	185
66	189
66	195
66	203
66	251
66	265
66	268
66	269
66	283
66	291
66	321
66	376
66	406
66	410
66	499
66	516
66	543
66	554
66	624
66	632
66	691
66	714
66	829
66	878
66	906
66	986
67	69
67	94
67	119
67	126
67	127
67	129
67	133
67	141
67	142
67	148
67	176
67	178
67	190
67	191
67	203
67	211
67	214
67	219
67	249
67	265
67	274
67	282
67	285
67	287
67	317
67	326
67	339
67	348
67	384
67	390
67	406
67	437
67	468
67	499
67	501
67	502
67	507
67	511
67	513
67	523
67	529
67	534
67	535
67	541
67	543
67	566
67	579
67	601
67	624
67	635
67	641
67	662
67	680
67	699
67	703
67	720
67	752
67	755
67	759
67	762
67	773
67	816
67	820
67	829
67	880
67	906
67	925
68	71
68	72
68	74
68	79
68	95
68	114
68	126
68	127
68	136
68	172
68	180
68	192
68	193
68	248
68	254
68	281
68	284
68	312
68	390
68	403
68	406
68	500
68	501
68	507
68	515
68	531
68	582
68	640
68	648
68	684
68	750
68	757
68	789
68	804
68	820
69	71
69	78
69	82
69	113
69	125
69	126
69	127
69	139
69	142
69	197
69	234
69	251
69	257
69	259
69	265
69	299
69	329
69	359
69	415
69	432
69	439
69	513
69	530
69	531
69	533
69	558
69	562
69	571
69	605
69	606
69	658
69	697
69	706
69	724
69	763
69	836
69	874
70	118
70	130
70	141
70	249
70	294
70	319
70	449
70	500
70	517
70	541
70	546
70	688
70	750
70	984
71	72
71	78
71	84
71	94
71	102
71	112
71	122
71	123
71	125
71	129
71	134
71	144
71	150
71	151
71	157
71	166
71	172
71	173
71	187
71	191
71	193
71	195
71	196
71	198
71	199
71	201
71	203
71	205
71	213
71	249
71	253
71	262
71	265
71	270
71	280
71	282
71	283
71	298
71	299
71	301
71	304
71	306
71	313
71	314
71	319
71	325
71	336
71	344
71	346
71	357
71	359
71	363
71	374
71	375
71	377
71	384
71	390
71	420
71	423
71	425
71	437
71	440
71	441
71	447
71	478
71	480
71	499
71	500
71	508
71	511
71	516
71	518
71	523
71	524
71	538
71	540
71	541
71	549
71	557
71	566
71	572
71	582
71	583
71	587
71	594
71	612
71	624
71	630
71	635
71	653
71	654
71	655
71	660
71	661
71	662
71	680
71	687
71	688
71	707
71	722
71	730
71	756
71	757
71	759
71	761
71	782
71	797
71	813
71	816
71	828
71	835
71	876
71	883
71	892
71	970
72	78
72	92
72	126
72	133
72	156
72	192
72	257
72	271
72	283
72	316
72	374
72	509
72	510
72	515
72	516
72	526
72	539
72	546
72	582
72	640
72	666
72	751
72	767
72	791
72	802
72	846
72	876
72	946
73	131
73	138
73	187
73	225
73	255
73	311
73	313
73	550
73	599
73	624
73	650
74	78
74	83
74	87
74	99
74	125
74	134
74	146
74	157
74	159
74	162
74	177
74	189
74	203
74	249
74	265
74	275
74	313
74	318
74	421
74	499
74	508
74	515
74	539
74	547
74	563
74	594
74	647
74	733
74	790
74	812
74	820
74	911
74	960
75	109
75	129
75	133
75	156
75	190
75	218
75	313
75	344
75	364
75	397
75	406
75	485
75	500
75	547
75	894
76	83
76	125
76	130
76	249
76	251
76	319
76	320
76	378
76	397
76	523
76	530
76	562
76	565
76	566
76	609
76	630
76	633
76	634
76	638
76	644
76	873
77	141
77	251
77	374
77	476
77	689
77	705
77	861
78	79
78	82
78	84
78	86
78	88
78	94
78	96
78	104
78	106
78	109
78	127
78	141
78	147
78	158
78	160
78	178
78	187
78	204
78	208
78	211
78	218
78	222
78	224
78	249
78	251
78	257
78	259
78	261
78	267
78	268
78	269
78	279
78	291
78	312
78	313
78	318
78	332
78	339
78	349
78	360
78	378
78	394
78	400
78	406
78	414
78	440
78	447
78	453
78	460
78	468
78	470
78	499
78	500
78	508
78	511
78	516
78	519
78	521
78	535
78	549
78	564
78	568
78	578
78	597
78	613
78	624
78	642
78	666
78	687
78	688
78	689
78	757
78	758
78	766
78	796
78	820
78	833
78	878
78	882
78	890
79	82
79	84
79	96
79	129
79	134
79	156
79	164
79	218
79	240
79	259
79	261
79	290
79	308
79	311
79	312
79	374
79	415
79	515
79	516
79	522
79	527
79	533
79	535
79	548
79	562
79	602
79	693
79	703
79	718
79	781
79	838
79	937
80	83
80	127
80	130
80	164
80	165
80	188
80	234
80	249
80	254
80	257
80	262
80	273
80	304
80	312
80	328
80	331
80	408
80	410
80	448
80	451
80	534
80	589
80	593
80	626
80	753
80	756
80	783
80	875
81	139
81	174
81	265
81	277
81	282
81	314
81	374
81	453
81	501
81	604
81	691
82	84
82	89
82	95
82	96
82	126
82	156
82	157
82	170
82	191
82	193
82	203
82	226
82	265
82	289
82	304
82	312
82	315
82	329
82	371
82	395
82	499
82	501
82	523
82	535
82	542
82	549
82	565
82	600
82	626
82	627
82	644
82	669
82	763
82	765
82	791
82	795
82	814
82	828
83	126
83	128
83	131
83	193
83	197
83	236
83	292
83	317
83	411
83	503
83	539
83	546
83	566
83	597
83	656
83	695
83	751
83	814
84	88
84	95
84	125
84	137
84	142
84	155
84	158
84	291
84	359
84	379
84	501
84	516
84	597
84	656
84	720
84	811
84	855
84	896
85	94
85	96
85	109
85	225
85	499
85	699
86	152
86	167
86	172
86	191
86	196
86	249
86	250
86	269
86	270
86	294
86	300
86	312
86	347
86	348
86	360
86	367
86	374
86	376
86	445
86	504
86	510
86	515
86	533
86	535
86	546
86	564
86	618
86	626
86	687
86	698
86	765
86	769
86	854
86	885
86	890
86	976
87	102
87	130
87	142
87	209
87	219
87	252
87	266
87	285
87	297
87	298
87	374
87	378
87	516
87	752
87	898
87	921
87	937
88	94
88	125
88	141
88	144
88	164
88	198
88	375
88	380
88	421
88	532
88	533
88	563
88	660
88	751
88	822
88	860
89	111
89	170
89	314
89	376
89	444
89	504
89	516
89	617
89	875
90	108
90	136
90	172
90	237
90	255
90	257
90	282
90	300
90	317
90	395
90	624
90	625
90	626
90	664
90	675
90	701
90	703
90	761
90	812
91	129
91	189
91	382
91	520
91	597
91	624
92	374
92	384
92	473
92	595
92	791
93	172
93	203
93	221
93	285
93	941
94	99
94	125
94	131
94	134
94	136
94	144
94	166
94	172
94	204
94	207
94	228
94	249
94	250
94	262
94	265
94	269
94	277
94	278
94	285
94	292
94	312
94	313
94	315
94	317
94	374
94	378
94	390
94	402
94	406
94	408
94	416
94	437
94	438
94	500
94	512
94	515
94	516
94	519
94	540
94	542
94	554
94	555
94	574
94	613
94	632
94	640
94	681
94	704
94	708
94	715
94	735
94	767
94	782
94	783
94	789
94	796
94	797
94	812
94	859
94	906
94	944
94	986
95	98
95	125
95	133
95	146
95	156
95	165
95	169
95	228
95	240
95	249
95	251
95	254
95	302
95	307
95	334
95	382
95	384
95	394
95	441
95	499
95	500
95	518
95	547
95	589
95	666
95	675
95	690
95	765
95	777
95	799
95	835
95	879
95	909
95	963
96	114
96	119
96	130
96	131
96	135
96	142
96	164
96	190
96	218
96	223
96	240
96	269
96	374
96	378
96	427
96	468
96	477
96	501
96	507
96	564
96	580
96	628
96	750
96	755
96	757
96	775
96	827
96	845
96	890
96	916
97	160
97	265
97	268
97	309
97	390
97	499
97	541
97	582
97	638
97	679
97	726
97	753
97	844
98	125
98	127
98	129
98	133
98	141
98	142
98	145
98	172
98	187
98	205
98	228
98	250
98	251
98	258
98	261
98	265
98	270
98	310
98	330
98	355
98	394
98	424
98	499
98	500
98	502
98	504
98	515
98	554
98	624
98	634
98	661
98	828
98	860
98	945
99	114
99	189
99	198
99	199
99	266
99	267
99	282
99	297
99	346
99	501
99	582
99	984
100	112
100	122
100	125
100	139
100	180
100	194
100	198
100	255
100	257
100	263
100	312
100	328
100	404
100	410
100	501
100	562
100	589
100	626
100	640
100	689
100	915
101	133
101	172
101	220
101	267
101	375
101	457
101	519
101	546
101	564
102	109
102	135
102	144
102	148
102	156
102	175
102	188
102	251
102	253
102	267
102	304
102	348
102	364
102	406
102	439
102	521
102	527
102	559
102	571
102	593
102	634
102	646
102	649
102	757
102	804
102	901
102	953
103	133
103	142
103	156
103	172
103	213
103	249
103	252
103	258
103	262
103	277
103	331
103	369
103	499
103	500
103	507
103	522
103	561
103	562
103	578
103	688
103	690
103	703
103	770
104	181
104	210
104	253
104	257
104	265
104	273
104	320
104	345
104	472
104	504
104	507
104	527
104	551
104	554
104	597
104	624
104	626
104	750
104	766
104	794
104	875
104	908
105	134
105	241
105	352
105	550
105	697
105	750
105	753
106	107
106	141
106	215
106	341
106	439
106	499
106	562
106	673
106	758
106	824
106	833
106	859
107	125
107	251
107	252
107	264
107	267
107	282
107	289
107	318
107	390
107	501
107	507
107	624
107	630
107	643
107	849
108	249
108	312
108	329
108	749
109	120
109	128
109	133
109	142
109	144
109	151
109	199
109	253
109	257
109	261
109	263
109	288
109	334
109	335
109	380
109	398
109	404
109	405
109	406
109	437
109	468
109	479
109	507
109	546
109	567
109	568
109	717
109	730
109	769
109	780
109	789
109	796
109	826
109	839
110	125
110	177
110	187
110	189
110	208
110	219
110	316
110	335
110	392
110	431
110	437
110	444
110	499
110	511
110	546
110	639
110	773
110	878
110	890
110	941
111	187
111	222
111	268
111	273
111	320
111	328
111	375
111	411
111	509
111	531
111	898
112	139
112	190
112	521
112	633
113	126
113	158
113	255
113	256
113	328
113	501
113	582
113	636
113	647
113	710
113	734
113	770
113	800
113	813
113	835
113	855
114	172
114	266
114	673
114	721
114	816
115	125
115	288
115	312
115	499
115	519
115	531
115	749
115	871
116	141
116	158
116	468
116	785
116	914
117	131
117	137
117	138
117	162
117	181
117	253
117	261
117	300
117	313
117	375
117	383
117	531
117	632
117	649
117	817
117	829
117	832
117	843
117	869
117	875
118	249
118	273
118	542
118	691
118	705
118	830
119	130
119	150
119	199
119	249
119	348
119	556
119	570
119	707
120	220
120	355
120	564
120	667
120	699
120	878
121	131
121	148
121	171
121	177
121	256
121	265
121	296
121	312
121	357
121	391
121	421
121	445
121	503
121	507
121	511
121	542
121	652
121	973
122	130
122	218
122	291
122	765
123	265
124	171
124	286
124	547
125	126
125	127
125	129
125	131
125	133
125	137
125	142
125	148
125	152
125	156
125	158
125	164
125	172
125	174
125	183
125	186
125	195
125	196
125	203
125	208
125	219
125	226
125	249
125	250
125	251
125	252
125	255
125	257
125	262
125	269
125	271
125	273
125	274
125	276
125	283
125	284
125	287
125	289
125	304
125	306
125	309
125	314
125	318
125	330
125	335
125	348
125	363
125	364
125	368
125	377
125	378
125	382
125	396
125	414
125	421
125	430
125	439
125	444
125	447
125	453
125	473
125	499
125	501
125	504
125	507
125	509
125	511
125	512
125	513
125	515
125	516
125	519
125	536
125	537
125	538
125	554
125	562
125	566
125	570
125	578
125	582
125	603
125	609
125	624
125	626
125	627
125	628
125	632
125	654
125	657
125	664
125	673
125	674
125	695
125	718
125	750
125	752
125	758
125	781
125	785
125	813
125	814
125	828
125	832
125	876
125	892
125	910
125	914
125	920
125	922
125	925
125	928
125	938
126	144
126	174
126	195
126	228
126	249
126	257
126	277
126	281
126	282
126	291
126	300
126	312
126	314
126	331
126	377
126	421
126	435
126	490
126	492
126	499
126	501
126	507
126	517
126	523
126	537
126	548
126	551
126	570
126	579
126	582
126	595
126	624
126	626
126	629
126	693
126	699
126	700
126	710
126	715
126	724
126	733
126	750
126	769
126	805
126	807
126	812
126	839
126	843
126	874
126	910
126	922
126	984
127	135
127	142
127	146
127	148
127	149
127	154
127	161
127	165
127	166
127	168
127	173
127	174
127	183
127	191
127	196
127	201
127	213
127	218
127	228
127	249
127	255
127	257
127	266
127	273
127	283
127	288
127	304
127	328
127	351
127	352
127	378
127	383
127	441
127	457
127	471
127	482
127	484
127	499
127	500
127	515
127	517
127	520
127	523
127	533
127	547
127	554
127	571
127	574
127	579
127	582
127	624
127	628
127	660
127	684
127	697
127	705
127	718
127	749
127	761
127	777
127	832
127	846
127	849
127	880
127	882
128	137
128	138
128	152
128	173
128	227
128	249
128	281
128	290
128	291
128	343
128	347
128	376
128	381
128	461
128	480
128	500
128	501
128	503
128	504
128	515
128	525
128	546
128	550
128	562
128	572
128	595
128	629
128	750
128	773
128	790
128	828
128	843
129	130
129	133
129	142
129	149
129	152
129	154
129	158
129	164
129	172
129	181
129	187
129	189
129	191
129	213
129	214
129	219
129	246
129	249
129	251
129	255
129	256
129	259
129	262
129	282
129	283
129	285
129	287
129	292
129	312
129	313
129	314
129	319
129	320
129	326
129	350
129	377
129	379
129	406
129	410
129	437
129	446
129	486
129	499
129	501
129	502
129	507
129	519
129	527
129	533
129	563
129	571
129	580
129	583
129	624
129	628
129	633
129	657
129	668
129	675
129	699
129	749
129	766
129	773
129	789
129	791
129	808
129	813
129	818
129	829
129	831
129	859
129	890
129	904
129	906
129	908
130	171
130	187
130	218
130	252
130	256
130	266
130	318
130	325
130	382
130	390
130	400
130	408
130	468
130	503
130	510
130	535
130	539
130	587
130	629
130	769
130	773
130	774
130	876
130	938
131	134
131	182
131	187
131	188
131	217
131	254
131	255
131	260
131	290
131	331
131	332
131	377
131	499
131	500
131	513
131	516
131	546
131	550
131	572
131	578
131	595
131	602
131	628
131	634
131	646
131	761
131	828
131	843
131	845
132	135
132	141
132	156
132	173
132	213
132	251
132	335
132	555
132	563
132	567
132	765
132	781
132	894
132	921
132	972
133	134
133	136
133	148
133	152
133	167
133	184
133	187
133	203
133	211
133	219
133	249
133	253
133	263
133	275
133	281
133	289
133	294
133	306
133	312
133	316
133	317
133	318
133	320
133	329
133	331
133	359
133	426
133	461
133	493
133	499
133	502
133	503
133	504
133	517
133	532
133	533
133	537
133	567
133	570
133	572
133	574
133	585
133	593
133	603
133	630
133	641
133	656
133	688
133	695
133	752
133	771
133	774
133	820
133	838
133	844
134	136
134	137
134	142
134	147
134	164
134	195
134	209
134	249
134	275
134	277
134	282
134	306
134	313
134	314
134	343
134	433
134	438
134	448
134	500
134	501
134	502
134	532
134	555
134	593
134	599
134	624
134	697
134	769
134	781
134	786
134	788
134	796
134	823
134	830
134	883
134	938
135	161
135	165
135	180
135	181
135	190
135	251
135	258
135	261
135	265
135	312
135	324
135	406
135	446
135	502
135	504
135	507
135	529
135	532
135	597
135	613
135	628
135	659
135	663
135	693
135	697
135	752
135	753
135	758
135	787
135	789
135	812
135	838
135	868
136	199
136	208
136	250
136	302
136	335
136	414
136	441
136	446
136	574
136	611
136	750
137	144
137	155
137	157
137	158
137	163
137	176
137	181
137	187
137	249
137	251
137	261
137	274
137	283
137	312
137	316
137	347
137	367
137	378
137	379
137	441
137	462
137	489
137	531
137	532
137	539
137	552
137	562
137	565
137	593
137	632
137	669
137	673
137	695
137	752
137	753
137	762
137	767
138	164
138	203
138	243
138	251
138	281
138	312
138	316
138	322
138	335
138	382
138	407
138	499
138	546
138	575
138	625
138	676
138	769
138	780
139	140
139	254
139	260
139	283
139	332
139	347
139	371
139	386
139	504
139	509
139	516
139	554
139	624
139	635
139	861
139	946
140	142
140	144
140	150
140	254
140	265
140	301
140	314
140	341
140	490
140	539
140	641
140	874
141	142
141	160
141	172
141	190
141	195
141	204
141	225
141	236
141	242
141	249
141	250
141	251
141	253
141	257
141	258
141	265
141	266
141	275
141	281
141	285
141	305
141	316
141	317
141	319
141	320
141	328
141	337
141	340
141	362
141	410
141	415
141	437
141	484
141	499
141	505
141	506
141	507
141	515
141	539
141	540
141	562
141	564
141	591
141	595
141	601
141	637
141	640
141	651
141	653
141	657
141	664
141	667
141	687
141	713
141	730
141	733
141	749
141	812
141	874
141	896
141	906
142	144
142	148
142	163
142	172
142	178
142	179
142	191
142	194
142	195
142	201
142	242
142	249
142	253
142	257
142	267
142	269
142	277
142	279
142	281
142	282
142	313
142	324
142	367
142	376
142	381
142	438
142	447
142	470
142	499
142	507
142	511
142	512
142	520
142	531
142	539
142	544
142	554
142	563
142	565
142	584
142	590
142	591
142	633
142	635
142	649
142	718
142	749
142	758
142	761
142	765
142	770
142	773
142	798
142	812
142	828
142	900
142	903
142	987
143	188
143	199
143	205
143	281
143	282
143	284
143	345
143	446
143	531
143	532
143	687
143	798
143	874
143	906
143	907
144	231
144	249
144	250
144	255
144	265
144	312
144	335
144	411
144	419
144	447
144	448
144	449
144	501
144	502
144	521
144	523
144	525
144	632
144	703
144	754
144	758
144	775
144	789
144	796
144	828
144	880
144	891
145	177
145	220
145	228
145	517
145	578
145	585
145	646
145	659
145	898
146	147
146	251
146	257
146	274
146	320
146	534
146	536
146	539
146	546
146	568
146	629
146	632
146	778
146	779
146	824
146	828
147	445
147	472
147	513
147	691
147	844
148	153
148	156
148	205
148	249
148	251
148	257
148	260
148	266
148	267
148	273
148	289
148	309
148	313
148	316
148	414
148	438
148	499
148	500
148	503
148	508
148	517
148	527
148	533
148	564
148	566
148	635
148	750
148	788
148	791
148	835
149	159
149	168
149	218
149	249
149	251
149	269
149	281
149	343
149	406
149	500
149	512
149	558
149	562
149	599
149	641
149	761
149	899
150	156
150	187
150	219
150	265
150	273
150	291
150	364
150	376
150	624
150	636
150	675
150	742
150	767
150	897
151	191
151	317
151	322
151	344
151	624
151	750
151	887
152	168
152	180
152	190
152	191
152	218
152	277
152	314
152	374
152	383
152	406
152	499
152	565
152	581
152	595
152	624
152	640
152	690
152	734
152	805
153	261
153	281
153	296
153	499
153	664
153	684
153	742
153	810
153	922
154	178
154	194
154	250
154	316
154	520
154	614
154	687
155	398
155	681
155	768
156	159
156	161
156	174
156	180
156	199
156	210
156	215
156	218
156	219
156	222
156	246
156	249
156	250
156	251
156	257
156	259
156	262
156	265
156	273
156	274
156	278
156	300
156	304
156	313
156	324
156	365
156	371
156	375
156	377
156	390
156	409
156	411
156	454
156	499
156	503
156	509
156	515
156	516
156	517
156	536
156	537
156	540
156	550
156	552
156	562
156	566
156	570
156	577
156	579
156	585
156	593
156	611
156	615
156	625
156	628
156	635
156	660
156	667
156	671
156	691
156	758
156	800
156	802
156	804
156	813
156	931
157	161
157	174
157	213
157	230
157	259
157	272
157	330
157	335
157	360
157	410
157	491
157	525
157	531
157	542
157	543
157	553
157	554
157	562
157	571
157	574
157	593
157	598
157	626
157	693
157	705
157	732
157	749
157	766
157	785
157	812
157	813
157	885
157	951
158	166
158	187
158	197
158	281
158	314
158	365
158	380
158	391
158	441
158	504
158	541
158	577
158	581
158	596
158	613
158	618
158	667
158	689
158	691
158	699
158	740
158	749
158	768
158	792
158	797
158	800
158	823
158	832
159	174
159	197
159	285
159	348
159	408
159	484
159	636
159	645
159	648
159	753
159	832
160	171
160	191
160	207
160	249
160	265
160	266
160	289
160	296
160	308
160	374
160	382
160	507
160	515
160	523
160	644
160	687
160	751
160	814
160	876
160	890
160	924
160	945
161	187
161	384
161	437
161	460
161	500
161	563
161	636
161	705
161	768
162	251
162	265
162	268
162	277
162	281
162	344
162	445
162	507
162	565
162	760
162	818
162	847
162	949
163	189
163	195
163	250
163	269
163	305
163	624
163	782
163	844
164	177
164	197
164	250
164	253
164	259
164	278
164	374
164	387
164	414
164	482
164	507
164	523
164	546
164	566
164	569
164	605
164	612
164	624
164	632
164	661
164	713
164	722
164	755
164	756
164	763
164	801
164	874
164	931
165	172
165	189
165	235
165	241
165	249
165	251
165	267
165	286
165	499
165	521
165	531
165	533
165	546
165	704
165	749
165	813
165	843
166	175
166	282
166	290
166	383
166	445
166	500
166	540
166	658
166	693
166	696
167	192
167	200
167	281
167	283
167	329
167	499
167	542
167	648
167	849
168	187
168	249
168	273
168	281
168	282
168	289
168	313
168	365
168	445
168	463
168	499
168	516
168	563
168	585
168	587
168	657
168	835
168	860
169	193
169	196
169	338
169	413
169	539
169	562
169	882
170	255
170	320
170	351
170	416
170	480
170	539
170	572
170	631
170	641
170	661
170	689
170	874
170	947
171	188
171	260
171	345
171	657
172	199
172	252
172	254
172	277
172	296
172	306
172	361
172	451
172	471
172	493
172	499
172	512
172	548
172	565
172	568
172	578
172	624
172	625
172	657
172	708
172	718
172	749
172	769
172	773
172	790
172	802
172	930
173	177
173	250
173	259
173	265
173	351
173	374
173	406
173	554
173	562
173	596
173	641
173	674
173	716
173	755
173	770
173	948
174	191
174	197
174	227
174	249
174	381
174	384
174	527
174	566
174	867
175	182
175	205
175	250
175	374
175	402
175	509
175	563
175	576
176	195
176	220
176	242
176	359
176	382
176	446
176	482
176	541
176	578
176	753
176	953
177	188
177	235
177	456
177	481
177	499
177	500
177	508
177	549
177	695
177	828
178	322
178	335
178	345
178	499
178	631
178	737
178	741
178	802
179	220
179	250
179	265
179	267
179	298
179	405
179	502
179	604
179	624
179	726
179	791
179	822
179	945
180	382
180	408
180	629
180	765
180	960
181	195
181	315
181	398
181	504
181	578
181	629
181	697
181	726
181	749
182	286
182	314
182	742
183	253
183	281
183	331
183	596
183	627
183	906
183	949
184	239
184	250
184	407
184	499
185	382
185	390
185	488
185	565
185	735
186	326
186	375
186	476
186	533
186	639
187	194
187	205
187	211
187	249
187	253
187	287
187	300
187	315
187	322
187	328
187	343
187	347
187	352
187	371
187	390
187	401
187	406
187	410
187	441
187	446
187	451
187	453
187	482
187	494
187	499
187	503
187	516
187	519
187	531
187	534
187	535
187	540
187	541
187	544
187	546
187	558
187	562
187	602
187	624
187	632
187	633
187	639
187	641
187	643
187	658
187	669
187	671
187	698
187	700
187	710
187	750
187	751
187	753
187	808
187	812
187	813
187	906
187	914
187	932
188	213
188	257
188	260
188	263
188	276
188	283
188	285
188	288
188	291
188	312
188	314
188	316
188	317
188	414
188	445
188	453
188	457
188	476
188	490
188	499
188	500
188	508
188	509
188	517
188	521
188	531
188	549
188	562
188	602
188	605
188	656
188	661
188	736
188	763
188	801
188	882
189	213
189	218
189	259
189	260
189	263
189	298
189	313
189	317
189	376
189	383
189	496
189	499
189	500
189	509
189	517
189	524
189	578
189	593
189	628
189	660
189	735
189	749
189	753
189	757
189	785
189	796
189	813
189	883
190	257
190	357
190	389
190	449
190	499
190	547
190	562
190	642
190	662
190	726
190	859
191	253
191	273
191	287
191	313
191	333
191	343
191	374
191	376
191	396
191	468
191	478
191	496
191	500
191	507
191	548
191	574
191	596
191	601
191	640
191	657
191	757
191	814
191	869
191	874
192	198
192	277
192	285
192	428
192	478
192	499
192	500
192	531
192	563
192	571
192	626
192	749
192	784
192	801
192	819
192	820
192	883
192	895
193	261
193	266
193	296
193	316
193	343
193	351
193	377
193	414
193	462
193	516
193	519
193	570
193	618
193	628
193	656
193	690
193	767
193	992
194	383
194	443
194	531
194	536
194	614
194	624
194	687
195	205
195	252
195	256
195	265
195	272
195	277
195	330
195	367
195	375
195	426
195	438
195	468
195	499
195	501
195	523
195	533
195	562
195	567
195	570
195	636
195	638
195	641
195	673
195	749
195	750
195	784
195	885
196	271
196	281
196	367
196	455
196	523
196	531
196	609
196	624
196	627
196	658
196	661
196	785
196	836
196	874
197	469
197	586
197	716
198	319
198	504
198	658
198	749
198	753
199	216
199	247
199	283
199	316
199	336
199	386
199	499
199	507
199	613
199	659
199	762
199	868
200	285
200	401
200	461
201	292
201	347
201	626
202	566
203	251
203	253
203	256
203	258
203	269
203	272
203	312
203	325
203	332
203	383
203	386
203	390
203	391
203	399
203	412
203	500
203	507
203	517
203	535
203	609
203	621
203	664
203	671
203	749
203	800
203	824
203	890
203	946
204	250
204	322
204	359
204	432
204	500
204	501
204	522
204	578
204	725
204	918
205	250
205	255
205	281
205	290
205	324
205	501
205	511
205	632
205	644
205	736
205	757
205	859
205	875
206	239
206	268
206	292
206	313
206	321
206	738
206	769
207	255
207	314
207	345
207	367
207	406
207	421
207	504
207	525
207	566
207	595
207	697
208	222
208	267
208	268
208	270
208	324
208	441
208	509
208	562
209	219
209	235
209	257
209	313
209	507
209	541
210	437
210	535
211	293
211	441
211	523
211	531
211	536
211	634
211	641
211	657
211	797
211	800
211	875
211	902
212	257
212	281
212	328
212	409
212	499
213	249
213	359
213	374
213	392
213	530
213	533
213	574
213	582
213	675
213	732
213	884
214	347
214	748
214	775
215	572
216	265
216	360
216	390
216	502
216	687
216	696
217	298
217	566
217	634
217	785
218	222
218	251
218	261
218	266
218	287
218	360
218	374
218	384
218	422
218	445
218	500
218	565
218	578
218	658
218	662
218	752
218	765
218	775
218	782
218	859
219	220
219	283
219	438
219	489
219	507
219	539
219	582
219	629
219	648
219	697
219	755
219	814
220	257
220	265
220	385
220	503
220	593
220	609
220	632
220	783
220	828
221	282
221	469
221	709
221	824
221	863
222	225
222	250
222	254
222	431
222	562
222	624
222	628
222	687
222	698
222	863
222	883
222	892
223	532
223	671
224	299
224	656
224	706
224	764
225	281
225	288
225	508
226	252
226	296
226	390
226	437
226	480
226	500
226	501
226	509
226	520
226	542
226	567
226	626
226	688
226	722
226	751
226	771
226	898
227	627
227	804
228	265
228	306
228	517
229	257
229	641
229	879
229	911
230	250
230	398
230	593
230	626
230	687
230	759
230	876
231	289
231	626
231	644
232	510
232	531
232	562
232	653
233	235
233	328
233	410
233	876
234	259
234	267
234	275
234	289
234	307
234	319
234	529
234	531
234	563
234	568
234	627
234	687
234	960
235	267
235	291
235	300
235	325
235	335
235	648
235	650
236	263
236	265
236	499
236	500
236	523
236	827
237	276
237	317
237	390
237	510
237	582
237	628
239	367
239	750
240	554
241	531
241	560
242	264
242	469
242	564
242	918
242	975
243	261
243	340
243	882
244	508
244	516
244	657
244	768
244	816
245	563
246	624
246	691
246	762
247	313
247	447
248	504
249	286
249	615
249	250
249	251
249	257
249	260
249	266
249	271
249	272
249	273
249	275
249	285
249	290
249	293
249	294
249	300
249	312
249	313
249	314
249	320
249	326
249	328
249	338
249	344
249	351
249	374
249	379
249	390
249	398
249	407
249	408
249	412
249	437
249	445
249	455
249	474
249	489
249	499
249	501
249	502
249	504
249	505
249	508
249	510
249	512
249	513
249	515
249	516
249	517
249	519
249	531
249	534
249	535
249	536
249	543
249	547
249	563
249	567
249	588
249	595
249	596
249	605
249	613
249	624
249	628
249	632
249	635
249	640
249	642
249	648
249	661
249	696
249	699
249	706
249	718
249	719
249	738
249	740
249	749
249	752
249	757
249	765
249	774
249	814
249	825
249	828
249	829
249	849
249	850
249	889
249	891
249	911
249	957
250	251
250	252
250	254
250	257
250	261
250	271
250	274
250	283
250	291
250	301
250	312
250	316
250	319
250	328
250	329
250	330
250	343
250	352
250	357
250	378
250	392
250	398
250	416
250	422
250	439
250	460
250	501
250	506
250	515
250	531
250	547
250	590
250	614
250	626
250	661
250	665
250	679
250	704
250	714
250	757
250	759
250	764
250	773
250	787
250	796
250	812
250	865
250	875
250	881
250	886
250	950
251	253
251	258
251	263
251	268
251	296
251	314
251	318
251	320
251	329
251	369
251	371
251	388
251	408
251	438
251	442
251	499
251	508
251	515
251	517
251	523
251	557
251	558
251	562
251	565
251	566
251	578
251	593
251	624
251	656
251	659
251	749
251	771
251	772
251	784
251	816
251	833
251	886
251	917
252	277
252	291
252	312
252	318
252	361
252	414
252	416
252	449
252	499
252	505
252	509
252	516
252	526
252	533
252	564
252	575
252	583
252	595
252	603
252	629
252	630
252	631
252	637
252	678
252	749
252	752
252	753
252	765
252	782
252	823
252	886
252	906
252	937
253	255
253	257
253	268
253	271
253	281
253	306
253	318
253	322
253	324
253	335
253	352
253	374
253	378
253	383
253	437
253	439
253	449
253	453
253	464
253	485
253	499
253	501
253	519
253	524
253	562
253	613
253	625
253	632
253	654
253	655
253	690
253	712
253	726
253	751
253	754
253	755
253	790
253	816
253	820
253	878
253	898
253	934
253	953
254	257
254	265
254	286
254	312
254	313
254	343
254	447
254	456
254	505
254	519
254	532
254	533
254	536
254	541
254	554
254	566
254	578
254	628
254	664
254	689
254	720
254	757
254	766
254	835
254	874
254	878
254	989
255	281
255	282
255	387
255	437
255	462
255	502
255	508
255	511
255	512
255	567
255	634
255	705
255	726
255	737
255	769
255	784
255	807
255	832
255	866
255	955
256	312
256	332
256	337
256	374
256	515
256	562
256	575
256	796
257	286
257	291
257	296
257	297
257	312
257	323
257	377
257	406
257	408
257	421
257	423
257	438
257	499
257	501
257	505
257	506
257	515
257	516
257	543
257	548
257	576
257	593
257	613
257	624
257	626
257	659
257	666
257	671
257	689
257	730
257	751
257	753
257	759
257	779
257	785
257	812
257	874
257	896
257	906
257	940
258	273
258	287
258	355
258	364
258	374
258	410
258	504
258	516
258	533
258	535
258	566
258	571
258	581
258	598
258	629
258	631
258	735
258	752
258	757
258	844
258	970
259	261
259	265
259	266
259	281
259	282
259	323
259	330
259	333
259	343
259	385
259	390
259	437
259	499
259	503
259	531
259	538
259	541
259	570
259	649
259	689
259	749
259	753
259	878
259	880
260	314
260	345
260	414
260	427
260	480
260	508
260	527
260	533
260	544
260	580
260	622
260	656
261	265
261	281
261	297
261	376
261	379
261	501
261	502
261	530
261	546
261	550
261	556
261	574
261	645
261	648
261	689
261	845
261	884
261	891
262	267
262	296
262	502
262	524
262	527
262	547
262	558
262	584
262	585
262	726
262	829
262	876
263	267
263	274
263	292
263	382
263	390
263	453
263	455
263	503
263	520
263	570
263	599
263	635
263	650
263	673
263	696
263	753
263	957
264	282
264	294
264	566
264	876
265	276
265	287
265	305
265	324
265	347
265	351
265	360
265	377
265	380
265	385
265	395
265	417
265	501
265	505
265	513
265	516
265	521
265	525
265	557
265	566
265	567
265	568
265	578
265	604
265	623
265	640
265	645
265	668
265	689
265	726
265	761
265	762
265	765
265	783
265	805
265	916
265	926
265	941
265	959
266	281
266	296
266	300
266	302
266	312
266	315
266	353
266	375
266	378
266	391
266	408
266	490
266	501
266	505
266	516
266	535
266	589
266	594
266	612
266	699
266	812
266	815
266	818
266	874
267	291
267	313
267	314
267	327
267	362
267	390
267	408
267	437
267	441
267	499
267	502
267	512
267	515
267	537
267	541
267	624
267	677
267	742
267	790
267	801
267	841
267	843
267	886
268	283
268	302
268	374
268	568
268	593
268	639
268	690
268	883
268	898
268	923
269	273
269	281
269	283
269	314
269	318
269	321
269	328
269	355
269	375
269	502
269	505
269	532
269	562
269	569
269	625
269	644
269	659
269	704
269	750
269	770
269	789
269	881
269	891
270	314
270	330
270	361
270	478
270	523
270	548
270	579
270	624
270	657
270	781
271	281
271	292
271	406
271	414
271	462
271	547
271	771
271	782
271	792
271	796
271	813
271	945
272	320
272	384
272	388
272	761
273	275
273	355
273	374
273	377
273	379
273	383
273	468
273	474
273	499
273	503
273	541
273	554
273	574
273	594
273	609
273	648
273	749
273	754
273	843
273	877
273	956
274	336
274	443
274	505
274	507
274	541
274	628
274	638
274	828
274	900
274	921
275	298
275	313
275	331
275	395
275	507
275	562
275	570
275	805
276	281
276	312
276	359
276	441
277	281
277	331
277	378
277	537
277	562
277	563
277	579
277	639
277	825
277	828
277	851
277	948
278	321
278	440
278	499
278	533
278	597
278	624
278	695
278	818
279	390
279	464
279	535
279	597
279	635
279	665
279	910
279	918
280	642
280	650
280	658
280	699
280	712
281	291
281	314
281	316
281	345
281	353
281	374
281	383
281	385
281	390
281	406
281	440
281	470
281	499
281	501
281	518
281	524
281	540
281	561
281	574
281	637
281	640
281	646
281	658
281	673
281	688
281	757
281	782
281	796
281	852
281	876
281	889
281	908
282	285
282	314
282	357
282	384
282	478
282	511
282	520
282	547
282	585
282	628
282	632
282	656
282	754
282	900
282	921
282	954
283	299
283	375
283	391
283	394
283	399
283	408
283	421
283	499
283	506
283	538
283	541
283	571
283	587
283	598
283	625
283	661
283	704
283	728
283	785
283	796
283	879
283	882
283	970
284	296
284	329
284	375
284	390
284	421
284	505
284	517
284	564
284	625
284	843
284	859
284	974
285	288
285	290
285	360
285	374
285	379
285	380
285	416
285	440
285	507
285	519
285	528
285	537
285	633
285	640
285	660
285	672
285	773
285	818
285	937
285	976
286	355
286	374
286	389
286	507
286	564
286	572
286	595
286	628
286	632
286	641
286	752
286	818
286	877
286	878
287	324
287	343
287	392
287	437
287	459
287	532
287	595
287	609
287	624
287	633
287	660
287	671
287	675
287	767
288	316
288	414
288	437
288	547
288	559
288	610
288	625
288	958
289	293
289	295
289	312
289	316
289	332
289	349
289	431
289	437
289	502
289	505
289	506
289	511
289	513
289	520
289	532
289	554
289	563
289	601
289	610
289	624
289	625
289	636
289	640
289	751
289	786
289	794
289	883
289	907
290	374
290	454
290	499
290	582
290	751
290	754
290	898
291	313
291	382
291	394
291	441
291	460
291	499
291	507
291	509
291	515
291	563
291	578
291	582
291	598
291	602
291	630
291	645
291	755
291	789
291	847
291	886
292	338
292	400
292	421
292	534
292	541
292	643
292	676
292	751
292	757
292	815
292	920
293	314
293	359
293	509
293	517
293	636
294	632
295	351
296	315
296	317
296	374
296	417
296	500
296	508
296	543
296	624
296	749
296	765
296	781
296	814
296	843
296	895
296	897
297	562
297	699
297	751
297	762
297	964
298	339
298	447
298	503
298	532
298	535
298	625
299	314
299	398
299	499
299	500
299	501
299	532
299	687
299	781
299	979
300	367
300	390
300	453
300	500
300	777
301	519
301	562
301	708
301	714
301	804
301	817
302	330
302	453
302	500
302	562
302	759
303	421
303	483
303	593
303	703
303	758
303	987
304	359
304	421
304	472
304	515
304	562
304	611
304	615
304	624
304	644
304	777
304	785
305	317
305	499
305	515
305	640
305	752
305	789
305	834
306	374
306	759
307	314
308	440
308	539
308	541
309	343
309	710
309	749
309	761
309	960
310	501
310	515
310	759
311	394
312	317
312	332
312	345
312	376
312	377
312	391
312	418
312	437
312	498
312	515
312	523
312	531
312	533
312	537
312	544
312	549
312	551
312	567
312	570
312	571
312	580
312	593
312	594
312	598
312	642
312	660
312	749
312	757
312	761
312	765
312	767
312	773
312	791
312	847
312	881
312	893
312	911
312	946
313	316
313	397
313	439
313	510
313	511
313	515
313	539
313	542
313	571
313	624
313	779
313	906
313	949
313	991
314	316
314	347
314	353
314	382
314	438
314	539
314	550
314	566
314	578
314	610
314	624
314	659
314	667
314	694
314	814
314	849
315	504
315	532
315	563
315	609
315	648
315	798
315	800
316	329
316	421
316	443
316	481
316	499
316	500
316	558
316	562
316	688
316	769
316	812
317	375
317	440
317	646
317	656
317	752
317	770
317	907
318	407
318	416
318	489
318	515
318	603
318	631
318	633
318	773
318	791
318	903
318	992
319	351
319	374
319	392
319	409
319	499
319	525
319	527
319	753
320	330
320	357
320	374
320	384
320	385
320	437
320	454
320	517
320	548
320	562
320	564
320	581
320	622
320	656
320	750
320	755
320	759
320	814
320	937
321	358
321	378
321	501
321	507
321	515
321	562
321	629
321	847
322	333
322	374
322	375
322	457
322	500
322	524
322	573
322	766
322	820
322	829
322	880
323	380
323	535
323	648
324	361
324	386
324	406
324	503
324	535
324	550
324	571
324	574
324	587
324	605
324	671
324	888
324	898
324	957
325	328
325	382
325	503
325	556
325	578
325	637
325	705
325	894
326	407
326	507
326	509
326	536
326	548
327	648
328	348
328	349
328	356
328	359
328	370
328	410
328	451
328	523
328	617
328	624
328	644
328	749
328	814
328	962
329	352
329	406
329	470
329	503
329	508
329	523
329	843
329	876
329	933
330	347
330	390
330	563
330	585
330	660
330	753
330	765
330	812
330	956
331	600
331	609
332	383
332	395
332	423
332	440
332	442
332	447
332	506
332	515
332	537
332	540
332	563
332	609
332	746
332	750
332	762
332	783
332	812
332	937
333	351
333	382
333	540
333	839
333	877
333	940
333	942
334	726
334	822
335	374
335	410
335	453
335	505
335	508
335	563
335	570
335	634
335	710
335	749
336	393
336	400
336	521
336	640
336	689
336	819
337	414
337	446
337	470
337	519
338	351
338	567
338	851
339	374
339	505
340	656
341	349
342	583
343	371
343	385
343	391
343	418
343	499
343	505
343	508
343	509
343	510
343	542
343	563
343	570
343	573
343	578
343	602
343	626
343	692
343	752
343	753
343	787
343	833
343	876
343	957
344	346
344	499
344	503
344	507
344	519
344	531
344	574
344	578
344	640
344	676
344	828
345	376
345	515
345	549
345	565
345	580
345	656
345	721
345	735
345	859
345	874
346	410
346	455
346	499
346	526
346	625
346	664
347	499
347	511
347	515
347	541
347	562
347	656
347	707
347	757
347	782
347	791
347	822
347	824
347	843
348	365
348	390
348	873
348	918
349	391
349	439
349	624
349	625
349	687
349	785
349	818
349	860
349	894
350	601
351	517
351	531
351	657
351	726
352	393
352	439
352	626
352	781
353	606
353	707
353	946
353	959
354	523
355	437
355	505
355	664
355	894
356	535
356	695
357	503
357	563
357	984
358	782
359	415
359	515
359	564
359	610
359	625
359	626
359	831
359	849
360	464
360	690
360	724
361	399
361	539
361	546
361	568
361	594
361	653
362	398
363	454
363	455
363	528
364	410
364	437
364	464
364	531
364	648
365	625
367	488
367	499
367	507
367	773
367	818
367	955
368	541
368	567
368	582
368	781
369	406
369	454
369	860
369	910
371	415
371	501
371	531
371	554
371	624
372	499
372	509
372	752
372	781
373	758
374	377
374	423
374	430
374	441
374	445
374	464
374	507
374	515
374	517
374	523
374	533
374	541
374	548
374	551
374	555
374	567
374	572
374	578
374	582
374	654
374	697
374	699
374	749
374	759
374	796
374	838
374	852
374	906
374	927
374	953
375	379
375	394
375	434
375	501
375	507
375	535
375	545
375	574
375	609
375	621
375	632
375	665
375	688
375	707
375	773
375	777
375	781
375	814
375	890
375	891
375	909
375	935
375	941
375	976
376	390
376	438
376	487
376	503
376	521
376	525
376	533
376	581
376	593
376	596
376	628
376	640
376	708
376	749
376	753
376	754
376	781
376	820
376	844
376	874
376	922
376	937
376	945
376	956
377	427
377	624
377	636
377	641
377	669
377	676
377	875
378	396
378	407
378	450
378	508
378	511
378	515
378	557
378	570
378	578
378	592
378	624
378	665
378	757
378	775
378	812
378	938
379	382
379	505
379	583
379	662
380	398
380	416
380	437
380	499
380	589
380	704
380	718
380	723
380	859
380	917
380	971
381	440
381	492
381	511
381	721
381	777
382	520
382	567
382	570
382	710
382	769
382	921
382	962
382	978
383	624
383	769
383	786
383	890
383	898
384	500
384	687
384	957
385	449
385	450
385	625
385	636
385	664
385	690
385	747
385	885
386	540
386	594
386	687
386	792
386	838
386	986
387	515
387	594
387	640
387	677
387	781
387	805
387	953
388	524
388	532
388	679
388	768
388	892
389	539
389	650
389	759
390	445
390	499
390	503
390	515
390	531
390	534
390	545
390	572
390	575
390	578
390	629
390	640
390	666
390	719
390	727
390	732
390	758
390	761
390	766
390	805
390	901
390	970
391	519
391	531
391	558
391	563
391	574
391	613
391	624
391	656
391	703
391	737
391	937
391	966
392	450
392	476
392	502
392	508
392	509
392	515
392	525
392	532
392	579
392	594
392	624
392	641
392	909
392	938
393	411
393	507
393	512
393	520
394	505
394	516
394	571
394	632
394	835
395	400
395	519
395	520
395	749
395	900
396	408
396	512
396	546
396	701
396	937
398	431
398	499
398	503
398	506
398	509
398	624
398	641
398	890
398	921
399	868
400	503
400	640
401	439
401	805
402	411
402	579
402	749
402	874
402	890
403	518
403	624
404	499
404	504
404	613
405	578
405	938
406	419
406	435
406	515
406	535
406	552
406	595
406	624
406	626
406	752
406	781
406	874
406	878
406	883
407	475
407	543
407	832
407	885
407	938
408	474
408	506
408	533
408	571
408	595
408	625
408	631
408	776
408	807
409	582
409	585
409	609
409	699
410	421
410	499
410	531
410	533
410	593
410	597
410	716
410	820
410	954
411	513
411	515
411	550
411	588
411	666
411	771
411	837
412	499
413	757
414	504
414	507
414	511
414	531
414	609
414	754
415	579
415	808
416	447
416	507
416	536
416	574
416	643
416	659
417	499
417	634
418	533
418	790
419	422
421	543
421	640
421	660
421	811
422	510
422	786
422	878
423	749
423	824
423	883
426	510
426	531
426	628
426	664
426	828
427	835
428	760
428	766
429	499
429	528
429	531
429	624
429	633
429	650
430	831
431	578
432	501
432	565
432	694
433	529
435	519
435	628
436	500
436	658
437	505
437	543
437	546
437	563
437	602
437	624
437	626
437	632
437	724
437	828
437	837
437	953
437	965
438	502
438	539
438	550
438	570
438	625
438	769
438	783
438	863
439	532
439	537
439	594
439	601
439	624
439	776
439	871
440	515
440	574
440	753
441	501
441	515
441	597
441	625
441	656
441	696
441	749
441	750
442	502
442	504
442	607
442	624
442	753
443	500
443	502
443	566
444	548
444	751
444	770
445	633
445	761
445	831
445	988
446	499
446	500
446	546
447	453
447	517
447	546
447	625
447	626
447	664
447	749
448	634
449	457
449	860
450	589
450	641
450	766
452	771
453	534
453	562
453	647
453	656
453	759
453	853
453	910
454	500
454	598
454	679
454	914
455	660
455	946
456	593
456	906
457	501
457	506
457	546
457	563
457	634
457	660
457	665
457	667
457	721
457	909
458	605
458	773
458	816
460	501
460	625
460	640
460	876
460	924
461	542
462	749
463	765
464	637
464	853
465	511
466	516
466	550
466	693
467	471
467	562
468	499
468	507
468	516
468	532
468	546
468	562
468	574
468	696
468	782
470	505
470	727
470	814
471	778
471	883
472	514
472	578
472	908
473	554
473	691
473	726
473	852
474	573
475	501
475	598
475	937
476	563
476	812
476	908
477	593
477	626
478	516
478	625
478	841
478	875
479	665
480	937
481	624
484	500
484	537
484	575
484	672
484	730
485	529
485	666
486	517
487	517
488	521
488	523
488	546
488	624
488	875
489	521
489	953
490	812
492	701
493	578
494	499
496	625
499	519
499	500
499	502
499	503
499	504
499	505
499	511
499	515
499	520
499	535
499	539
499	547
499	550
499	556
499	564
499	567
499	572
499	574
499	578
499	595
499	598
499	610
499	613
499	624
499	628
499	630
499	636
499	640
499	666
499	679
499	690
499	724
499	728
499	750
499	753
499	757
499	759
499	766
499	773
499	781
499	783
499	789
499	812
499	823
499	826
499	866
499	878
499	883
499	890
499	894
499	897
500	503
500	504
500	511
500	518
500	528
500	539
500	548
500	550
500	557
500	562
500	565
500	624
500	625
500	632
500	658
500	688
500	692
500	720
500	749
500	757
500	759
500	765
500	781
500	789
500	812
500	835
500	901
500	907
501	502
501	509
501	520
501	533
501	535
501	539
501	544
501	549
501	556
501	562
501	574
501	581
501	605
501	680
501	699
501	706
501	719
501	767
501	794
501	861
501	877
501	968
501	988
502	533
502	609
502	624
502	628
502	645
502	665
502	730
502	892
502	957
502	988
503	504
503	507
503	508
503	510
503	514
503	519
503	524
503	534
503	536
503	546
503	571
503	594
503	625
503	637
503	661
503	734
503	750
503	755
503	762
503	767
503	771
503	794
503	861
503	938
504	509
504	596
504	637
504	666
504	675
504	769
504	963
505	539
505	546
505	568
505	593
505	597
505	599
505	644
505	657
505	674
505	688
505	721
505	798
505	840
505	877
506	532
506	625
506	634
506	649
506	751
506	867
507	511
507	515
507	536
507	552
507	564
507	570
507	593
507	594
507	597
507	624
507	627
507	644
507	657
507	659
507	703
507	718
507	749
507	757
507	764
507	782
507	806
507	820
507	822
507	824
508	509
508	531
508	539
508	548
508	601
508	651
508	676
508	692
508	715
508	749
508	752
508	809
508	835
508	898
509	511
509	527
509	536
509	541
509	542
509	546
509	575
509	597
509	634
509	672
509	689
509	751
509	781
509	821
509	825
509	855
510	572
510	625
510	711
510	844
510	847
510	894
511	539
511	540
511	566
511	595
511	603
511	609
511	640
511	676
511	693
511	720
511	749
511	783
511	790
511	874
512	593
512	624
512	643
512	691
512	749
512	753
513	517
513	523
513	533
513	570
513	809
514	519
514	595
514	765
514	822
515	524
515	531
515	533
515	548
515	557
515	562
515	566
515	585
515	593
515	624
515	626
515	628
515	634
515	644
515	647
515	656
515	688
515	689
515	701
515	750
515	758
515	791
515	874
515	875
515	882
515	891
515	925
515	945
515	957
516	518
516	524
516	541
516	553
516	570
516	593
516	613
516	640
516	644
516	650
516	658
516	800
517	518
517	523
517	533
517	539
517	598
517	602
517	628
517	630
517	642
517	711
517	847
517	874
517	882
517	946
518	523
518	609
518	771
518	775
518	791
518	812
518	847
519	526
519	531
519	540
519	562
519	624
519	797
519	826
520	531
520	616
520	746
520	791
520	843
521	531
521	609
521	633
521	720
521	759
522	589
522	628
522	878
523	529
523	557
523	572
523	575
523	643
523	707
523	708
523	709
523	821
523	874
523	875
523	888
523	987
523	992
524	581
524	632
524	758
525	531
525	564
525	611
525	624
525	635
525	656
525	724
525	782
525	815
525	826
525	844
525	851
526	548
526	765
526	914
527	548
527	628
527	629
527	657
527	699
527	749
527	851
527	874
528	531
529	536
529	624
529	636
529	754
530	751
530	797
530	866
531	534
531	562
531	577
531	580
531	601
531	624
531	628
531	640
531	654
531	703
531	714
531	735
531	754
531	771
531	821
531	882
531	932
532	533
532	564
532	568
532	632
532	707
532	754
532	757
532	765
532	781
532	848
532	861
532	914
532	943
533	562
533	563
533	566
533	585
533	633
533	694
533	703
533	734
533	749
533	759
533	765
533	878
533	900
533	937
534	696
535	562
535	563
535	566
535	571
535	597
535	624
535	720
536	656
536	764
536	903
537	546
537	551
537	556
537	597
537	689
537	890
537	922
539	541
539	542
539	566
539	583
539	624
539	728
539	802
539	844
540	562
540	658
540	672
540	761
540	820
540	832
540	859
541	548
541	565
541	570
541	576
541	582
541	602
541	624
541	628
541	656
541	688
541	747
541	769
541	949
542	622
542	673
542	679
542	762
542	766
542	768
543	638
543	653
543	655
543	728
543	874
544	562
544	627
544	904
546	566
546	629
546	773
546	875
546	910
546	937
546	997
547	555
547	582
547	636
547	650
547	677
547	750
547	776
547	782
547	812
548	652
548	687
548	750
548	766
549	571
549	705
549	821
549	846
549	894
550	565
550	624
550	734
550	737
550	843
550	917
550	935
551	630
551	656
552	593
552	716
553	751
554	591
554	647
554	757
555	564
555	633
556	606
556	652
556	719
556	768
556	937
557	634
557	722
558	563
558	565
558	695
558	775
558	813
558	864
559	796
561	832
562	571
562	636
562	642
562	648
562	687
562	708
562	718
562	738
562	750
562	753
562	755
562	759
562	760
562	766
562	767
562	796
562	824
562	875
562	897
562	907
562	914
562	923
562	939
563	574
563	578
563	621
563	647
563	664
563	665
563	749
563	788
563	821
563	908
564	613
564	624
564	627
564	671
564	753
564	754
564	787
564	867
564	944
565	570
565	580
565	687
565	751
565	760
565	772
565	828
566	614
566	625
566	630
566	633
566	691
566	749
566	766
566	843
566	851
567	624
567	628
567	642
567	695
567	812
567	821
567	941
567	970
568	570
568	583
568	595
568	634
568	657
568	785
569	640
569	775
570	580
570	595
570	664
570	687
570	743
570	749
570	753
570	761
570	907
571	587
571	594
571	598
571	624
571	641
571	880
571	948
572	674
572	740
572	750
572	875
573	789
573	849
573	937
574	804
575	582
575	596
575	854
576	632
576	695
576	798
577	605
578	585
578	679
578	750
578	754
578	783
578	863
578	876
578	884
578	895
578	909
578	937
578	968
578	981
579	689
579	729
579	761
580	611
580	628
580	693
580	759
580	762
581	593
581	628
581	723
581	814
582	626
582	661
582	821
582	847
582	945
583	625
583	640
583	676
583	695
583	757
583	800
585	617
585	897
586	639
586	824
587	632
587	868
589	675
589	857
589	864
591	730
593	624
593	628
593	657
593	672
593	781
593	783
593	812
593	831
593	835
593	893
593	914
594	649
594	661
594	813
594	904
594	908
596	943
597	624
597	626
597	664
597	751
598	639
598	835
599	754
599	971
600	773
601	625
601	828
602	665
602	773
602	775
602	968
603	608
603	633
603	819
603	876
604	624
604	765
607	938
609	749
609	757
609	762
609	781
610	687
611	640
611	906
612	749
613	657
613	777
613	890
613	939
615	657
617	647
617	766
617	781
619	847
619	907
623	749
624	626
624	653
624	683
624	720
624	749
624	765
624	769
624	796
624	812
624	816
624	845
624	858
624	879
624	883
624	886
624	893
624	933
624	935
625	628
625	630
625	638
625	713
625	749
625	781
625	792
625	831
625	833
626	640
626	675
626	755
626	758
626	814
626	815
626	816
626	880
627	749
627	758
627	814
628	641
628	658
628	661
628	687
628	727
628	749
628	784
628	812
628	845
628	860
628	890
628	891
629	710
630	681
630	688
630	718
630	766
630	779
630	900
631	632
631	695
631	881
632	679
632	703
632	705
632	749
632	812
632	843
632	883
632	902
632	908
632	973
633	649
633	691
633	831
633	968
635	648
635	656
635	726
636	671
636	758
637	649
637	695
637	741
637	769
637	794
638	767
638	771
640	657
640	658
640	661
640	753
640	785
640	790
640	867
641	664
641	791
641	908
642	643
642	769
642	883
642	906
642	910
643	752
644	729
644	823
645	814
646	666
646	783
646	828
648	768
648	784
648	821
648	828
648	883
649	800
649	910
650	676
650	758
651	768
651	876
652	721
652	879
653	775
653	861
653	862
656	706
656	749
656	775
656	816
656	817
656	822
656	828
656	968
657	757
657	890
658	769
658	778
658	797
658	820
659	937
660	751
661	882
662	822
663	749
664	699
664	769
664	775
664	816
664	941
665	722
665	797
665	843
666	675
668	763
671	753
671	769
671	788
671	791
671	812
671	943
672	691
672	761
674	843
674	923
676	787
678	845
679	781
679	816
686	978
687	749
687	751
687	757
687	839
687	968
688	761
689	691
689	814
689	938
690	856
690	878
690	933
691	706
692	736
694	914
694	937
695	783
695	914
696	829
697	795
697	829
698	762
699	749
701	757
703	758
703	781
704	801
704	874
704	960
705	813
705	833
707	734
707	968
709	890
710	734
711	773
712	817
713	892
714	749
714	783
719	877
723	768
724	749
726	941
727	798
728	733
728	828
730	796
730	880
734	791
734	894
735	788
736	828
738	888
741	977
745	792
745	839
745	937
749	753
749	783
749	792
749	798
749	807
749	847
749	876
749	904
749	907
749	926
749	957
750	751
750	782
750	784
750	786
750	817
750	824
750	827
750	880
750	901
751	768
751	789
751	814
751	837
751	839
751	874
751	909
751	915
752	876
753	804
753	910
753	911
753	945
753	974
753	983
754	759
755	768
755	798
755	832
755	949
757	758
757	762
757	816
757	970
758	778
759	843
763	812
765	798
765	874
765	881
765	884
766	790
767	852
767	933
768	815
768	834
769	800
769	831
769	880
770	786
771	960
772	812
773	812
773	937
773	945
775	783
781	812
781	843
782	966
783	820
783	874
784	820
784	887
785	979
786	792
789	824
790	791
790	906
793	860
798	822
802	878
812	890
814	879
814	915
816	874
816	916
816	935
817	843
817	957
818	900
819	973
822	857
822	875
822	882
823	890
828	878
828	901
828	937
830	879
831	908
832	884
835	859
837	876
837	943
839	900
843	886
846	980
847	955
847	968
856	880
857	859
866	910
867	931
876	945
878	930
880	884
884	886
884	890
903	921
906	909
912	923
921	972
